compile_problems:
1967359
7822386
7823008
13407963

throws_errors:
481376
550558
564148
565825
610002
669990
822489
836623
1041545
2780509
2784536
2807394
3470284
3577680
3608301
3608340
3608359
3608364
3608367
4007385
5182325
6566811
6608813
6964446
8885146
10331720
10623598
10863817
10959106
11364421
12725224
12816334
14773251
15556050
15569650
16607978
16691094
16691194
16915526
17205359
17289816
18612652
18629118
18740840
18756230
18846552
18846561
18917026
18930273
19181209
19306041
19380613
19415002
19425217
19935647
20401349
20451157
20550361
20561035
20632173
20651502
20725226
20777371
20823966
21231011
21233433
21321725
21583689
22024684
22200579
22200593
22396654
22814062
22881875
22893528
23008296
23009178
23227587
23259488
23405131
23406765
23406795
23479831
23490377
23888689
23909868
24017711
24080778
24279877
24289074
24345755
24577530
24590862
24591325
24600427
24739380
24812158
24853915
25008851
25098775
25106844
25388274
25824694
25834076
25836281
26061077
26106756
26108283
26174657
26177266
26177279
26177363
26240671
26364667
26399720
26511948
26529156
26595792
26602097
26740929
26790792
26882129
26892791
26955368
27071460
27107853
27292274
27329587
27579738
27664952
27703727
27818250
28259627
28261089
28263407
28281233
28354571
28385602
28486008
28500478
28553829
28664959
28786233
28810247
28810267
28943672
28976037
29029192
29045693
29048802
29090545
29090838
29091841
29130474
29130830
29178853
29178854
29220564
29247599
29271680
29283882
29312203
29346511
29346602
29348565
29349027
29365472
29431553

no_failures:
2040287
4715891
6101773
15158021
15184024
16827467
17012157
17012163
17012170
17259850
17994327
18247588
18582973
18773771
20025113
22583842
23238534
24054788
25110150
25485519
25586427
26215987
26756049
26756124
26995083
27061212
27119687
27151938
27330674
27530237
27715636
27740469
27908390
27974036
28197798
29254634

manually_check_problematic:
6518523
12238936
19388051

multiple_faults:
180416
180457
180670
199547
199920
254537
265081
343983
354434
394124
396002
403499
420411
445967
459070
473374
481866
481907
485780
486653
495111
497618
498370
498669
508858
522880
523404
524615
541426
566656
568148
597879
603022
603754
609975
653254
654187
725800
753033
758689
771311
809517
818573
856585
860468
861164
871495
884632
927465
929722
951749
954695
956728
957031
970634
971873
985128
987256
989083
1041661
1042991
1097284
1109823
1125848
1213763
1311001
1339367
1388655
1509318
1626889
1688902
1723537
1811835
1847381
1865801
1867825
1898639
1919603
1940654
1992033
2019406
2040368
2047466
2070464
2201463
2361597
2522755
2542577
2544959
2665071
2717614
2769007
2788929
2859328
2893606
2923393
2952951
3034784
3084930
3128183
3130966
3176140
3180126
3266756
3268566
3317219
3351084
3421643
3431311
3451181
3451951
3465201
3475712
3491572
3564225
3608352
3608417
3633612
3651404
3716957
3731248
3751895
3816334
3902910
3956027
3968222
3997294
3999165
4006489
4006907
4008183
4008441
4008664
4008919
4023722
4039850
4045763
4045968
4046000
4046990
4047118
4047679
4095619
4198022
4278268
4326964
4330094
4334099
4359152
4367289
4412727
4416047
4433850
4446444
4446465
4449147
4509733
4541448
4570149
4639496
4735806
4742576
4816773
4824743
4824814
4874475
4940741
5035683
5095166
5180375
5283516
5324760
5411730
5435246
5447657
5453105
5595554
5621027
5642024
5658671
5660529
5661555
5686888
5687377
5687663
5707094
5746400
5776853
5785193
5807058
5824422
5892836
5896725
5947607
6162242
6199997
6262964
6267228
6421842
6434980
6569466
6715866
6726440
6779348
6903154
6934784
6940490
6955883
6957405
6991735
7048257
7301322
7358120
7425975
7435793
7564760
7565166
7576082
7605967
7618820
7622174
7680389
7684612
7727977
7728209
7730832
7734868
7799625
7823019
7976175
8134570
8176942
8223639
8280739
8547853
8553945
8617248
8707704
8714245
8798498
8855376
8897483
8988127
8993611
9062425
9095297
9129767
9201827
9342960
9346140
9347858
9382329
9393701
9394307
9438909
9570381
9607706
9616594
9656867
9659956
9660390
9669549
9731890
9741238
9780104
9943150
9943722
10038193
10096308
10156819
10177237
10222926
10238084
10242576
10260994
10362245
10367369
10425401
10429228
10516597
10530332
10531835
10543569
10648123
10649468
10655405
10658609
10659510
10704965
10761767
10762452
10794425
10820232
10845225
11009228
11017455
11073459
11095955
11103001
11104355
11104598
11107014
11108058
11140121
11140636
11235054
11236849
11271259
11352283
11355709
11409686
11439773
11497582
11513401
11515060
11564226
11594773
11607125
11610211
11691241
11735795
11772405
11811787
11820909
11834800
11850967
11896812
11911256
11916291
11935983
11972431
11992853
12014751
12015816
12127866
12129345
12131099
12193552
12200625
12203599
12263817
12265872
12296112
12327028
12331367
12345754
12353355
12391889
12409564
12464390
12469290
12535480
12559809
12590949
12604960
12611396
12618804
12631187
12637322
12802592
12832154
12845257
12865721
12882192
12891605
12904607
12906842
12977989
12981848
13082348
13190974
13243003
13288206
13330313
13353258
13408992
13490007
13512911
13543369
13551155
13616216
13731715
13918184
13938948
13965494
14036412
14129334
14134753
14181064
14268539
14328651
14353358
14390590
14390707
14420413
14567383
14653786
14682204
14705312
14780227
14782158
14838512
14845307
14871574
14891901
14908526
14908907
14912956
14926047
14939807
14961216
14985850
15032023
15036495
15133351
15148761
15195237
15230623
15236968
15237354
15280560
15310147
15345241
15378409
15400471
15407641
15409384
15412986
15603280
15644755
15839131
15896797
15912482
15960051
16011540
16075712
16186055
16191518
16223905
16252173
16268956
16316079
16334683
16432620
16434819
16442984
16521227
16581809
16641565
16673821
16723723
16748032
16797925
16825852
16844333
16899983
16911597
16972484
17007497
17063549
17081880
17088215
17092365
17097774
17136086
17155343
17223914
17231269
17255721
17259600
17261873
17272701
17287374
17290952
17301302
17310740
17314701
17316563
17325120
17339990
17342284
17398773
17410274
17413203
17415850
17421905
17421927
17431461
17432581
17463022
17473076
17473852
17474975
17499049
17506106
17532181
17552674
17553191
17555962
17557606
17604620
17702739
17719537
17774295
17777612
17815155
17827324
17834579
17837646
17839032
17842866
17875260
17880430
17894837
17895313
17911096
17922838
17930411
17930692
17957696
17966085
17972730
17973001
17993869
17997888
18003542
18017210
18055816
18063406
18065883
18069692
18069841
18091696
18116308
18123971
18125287
18125877
18133251
18140228
18140419
18144324
18175105
18215783
18237691
18252873
18253265
18288407
18290127
18341974
18355616
18381760
18387316
18439752
18533191
18590175
18614159
18618094
18621099
18624199
18627442
18690192
18702887
18718767
18719262
18722391
18761791
18775357
18840207
18847134
18849134
18877814
18900582
18904402
18947920
18948691
18990034
18997919
19007812
19058644
19188476
19204290
19208593
19209577
19320093
19355254
19387741
19437883
19458476
19466935
19478348
19540533
19573770
19576819
19599542
19600075
19637236
19640713
19658479
19682050
19685159
19685181
19710872
19729612
19731124
19734223
19735288
19771279
19822926
19833947
19839262
19851711
19876924
19903398
19919153
19921267
19928774
19928992
19937302
19950326
20012723
20046338
20068140
20083990
20084829
20089971
20096829
20137867
20154490
20157667
20161012
20172010
20184650
20197699
20220404
20271123
20301220
20307809
20313915
20325767
20344308
20349719
20351703
20365925
20370570
20375941
20376310
20382960
20387777
20399500
20399591
20412253
20421100
20457709
20458315
20470071
20470346
20470447
20487531
20498409
20499931
20537387
20543241
20557203
20657883
20667341
20725666
20730939
20738690
20741092
20743489
20743527
20754642
20754998
20767258
20768356
20773515
20775515
20802836
20803218
20804696
20806269
20811851
20818651
20827545
20881660
20888336
20912718
20948918
20958747
20981460
21124399
21128865
21219947
21226194
21226647
21248288
21252869
21263583
21296731
21322383
21322850
21338890
21371430
21390082
21439487
21512139
21553909
21557640
21573279
21574309
21578075
21592610
21616769
21619977
21632535
21709880
21866368
21874430
21882655
21889647
21900382
21990802
22097122
22103394
22128678
22162845
22176565
22209862
22255503
22258344
22292793
22294899
22296304
22305150
22316277
22323612
22333119
22342616
22349962
22401484
22407747
22414419
22508946
22581618
22584934
22593748
22606519
22606861
22615909
22616252
22618387
22626597
22640701
22642253
22667138
22673498
22683385
22684776
22685036
22692377
22701764
22710884
22721186
22721986
22726902
22771596
22775115
22798593
22805208
22806548
22817617
22822980
22845788
22846432
22861925
22873881
22883469
22890836
22892989
22893488
22893937
22901061
22911534
22917433
22942423
22943724
22946287
23003613
23007189
23013973
23013974
23014755
23077801
23110534
23199548
23206003
23221366
23238568
23238672
23255015
23271167
23275914
23280187
23322449
23333356
23338744
23361834
23363651
23364000
23376676
23379292
23381873
23390069
23400456
23404445
23405354
23411094
23471709
23475288
23481164
23485032
23510098
23523934
23529687
23530607
23542419
23544381
23545324
23552148
23558057
23558661
23579716
23629745
23637914
23644427
23647755
23672108
23676188
23683897
23688195
23688284
23718615
23728071
23732655
23779573
23782151
23785771
23793203
23810010
23812097
23832101
23833060
23880628
23882243
23883020
23903271
23904677
23908171
23921625
23930117
23940711
23942230
23944530
23946587
23981939
24008612
24008887
24022925
24033870
24046235
24062040
24078678
24079910
24086108
24095930
24103180
24112350
24152957
24153140
24155060
24188455
24196677
24212330
24216810
24222091
24224714
24234551
24237634
24240210
24241660
24245421
24249493
24254087
24265297
24270588
24272939
24279210
24281053
24286805
24291724
24334099
24345618
24345648
24346252
24347618
24356551
24357338
24386441
24406459
24408200
24412368
24422523
24431066
24431868
24438856
24449230
24460424
24463613
24483578
24488324
24488652
24490053
24491068
24511068
24514799
24521541
24525012
24529183
24532147
24540291
24540938
24555474
24556542
24570138
24574650
24576093
24578973
24579729
24583807
24588605
24602356
24603444
24605121
24611381
24613176
24617261
24619645
24625210
24628558
24639793
24692229
24698853
24702763
24702887
24704180
24716664
24717601
24717795
24719008
24727467
24735249
24742208
24745651
24747591
24748890
24752653
24754149
24780768
24787256
24790464
24803144
24805639
24811990
24822841
24825142
24862500
24867227
24872311
24878071
24897380
24900010
24916466
24965556
25010462
25013337
25078404
25085064
25111186
25135160
25138204
25151147
25156812
25163631
25165664
25166332
25177130
25179830
25185159
25185976
25202143
25207482
25209037
25209187
25218553
25225341
25231232
25239985
25245863
25254160
25274903
25290595
25307011
25307146
25308362
25322029
25323310
25324450
25325342
25325573
25329994
25335196
25339367
25341614
25357424
25360222
25361321
25370858
25375996
25395981
25397887
25414308
25420095
25424889
25430727
25434860
25436984
25442765
25447411
25447823
25464152
25467938
25471386
25481665
25481841
25482636
25484314
25484882
25485548
25486189
25488103
25496508
25525066
25543076
25545139
25547426
25548806
25551935
25553746
25568233
25572147
25578865
25582633
25583261
25602310
25644976
25646131
25646910
25648035
25648304
25651873
25652673
25653343
25667043
25674134
25675299
25676450
25681419
25693894
25697308
25698672
25699541
25701705
25707315
25709857
25733159
25736014
25738113
25758067
25759691
25772161
25776894
25793659
25798928
25806626
25807673
25821464
25828181
25833649
25833786
25834074
25840031
25840096
25863127
25863211
25873261
25883045
25884632
25889234
25889700
25890125
25896314
25897217
25897949
25928067
25931967
25937234
25937426
25940822
25947958
25954945
25955057
25965972
25970368
25977016
25978267
25979410
25979411
25981179
26039714
26056305
26059025
26060535
26062339
26063742
26068860
26069991
26070012
26072320
26078676
26091179
26093086
26093167
26105213
26106091
26106095
26114167
26120622
26123108
26124132
26124233
26127615
26128418
26131535
26132117
26134581
26134755
26145024
26146016
26156144
26156338
26156711
26157065
26162006
26164669
26166240
26172188
26175934
26176587
26176764
26178042
26185409
26191039
26191303
26192123
26201595
26202447
26203979
26206907
26214190
26218800
26220534
26224524
26225207
26239333
26245237
26249189
26250371
26256672
26257880
26281989
26287110
26297284
26298578
26307528
26307798
26310855
26310918
26314327
26318290
26330652
26331359
26342175
26344348
26344571
26348169
26354913
26380766
26412529
26447082
26453137
26453596
26455382
26457069
26468351
26471082
26507105
26510371
26512588
26515534
26519286
26521371
26524167
26528096
26529316
26529367
26567198
26567885
26569762
26590468
26602207
26627927
26631175
26637575
26638531
26639030
26648116
26649482
26654233
26655946
26657682
26659051
26659753
26660151
26660775
26665909
26670658
26672819
26674097
26678844
26679307
26683005
26701805
26709723
26714425
26733238
26737709
26737881
26739037
26744878
26757759
26763729
26774264
26784089
26787103
26792472
26803388
26811492
26812166
26814296
26814315
26821008
26822100
26823113
26826620
26830162
26836791
26863650
26870019
26877503
26879494
26881511
26886215
26886573
26887529
26887679
26889721
26891405
26900671
26901805
26905152
26908284
26919769
26921765
26925354
26925948
26926117
26927978
26962052
26968285
26969857
26973130
26974314
26974549
26975379
26978064
26978445
26979602
26988204
26988903
26992624
26994020
27009373
27013700
27018616
27046272
27047508
27048836
27050663
27051587
27060373
27069084
27096612
27096781
27099381
27106321
27106353
27117415
27118007
27120456
27123788
27146802
27150061
27168239
27169091
27173623
27180907
27182000
27200910
27202641
27203319
27203666
27206065
27212251
27212625
27214997
27215439
27220253
27225806
27236159
27254825
27263310
27269433
27275371
27276364
27292117
27292526
27293112
27296083
27302252
27303814
27304523
27313818
27323481
27332167
27332752
27334012
27350301
27355233
27361665
27365567
27366497
27387454
27388135
27391780
27400615
27401188
27414070
27416007
27417663
27420627
27421606
27426823
27439292
27439820
27441322
27442936
27443364
27445973
27446203
27447905
27448976
27466102
27475685
27476775
27477339
27482906
27483894
27520571
27520699
27521147
27524186
27524201
27525687
27529418
27530025
27532616
27538993
27540515
27549058
27553847
27554996
27555152
27564125
27567679
27572296
27573373
27577256
27578311
27578808
27580580
27593875
27594299
27596533
27596574
27597637
27600199
27608529
27608637
27609379
27611495
27612848
27616311
27623353
27624962
27630049
27630462
27655556
27659728
27662157
27663278
27664572
27667127
27673891
27674876
27675599
27676888
27677405
27677449
27685912
27690656
27694021
27694580
27699583
27700361
27701601
27702837
27707186
27707205
27708390
27708942
27712623
27713405
27714050
27715034
27716336
27716612
27718087
27720430
27721504
27722609
27723957
27725218
27725972
27726102
27730197
27735762
27738311
27739123
27740538
27742978
27759200
27761202
27763270
27763445
27763792
27768341
27769225
27774231
27777348
27781146
27784618
27784813
27793138
27793979
27812960
27823471
27826393
27827647
27837597
27840447
27846814
27847331
27847447
27871929
27880518
27883647
27902321
27906878
27907755
27908753
27909436
27922684
27925113
27927741
27928573
27929178
27929551
27931090
27933254
27935534
27935722
27937771
27940702
27943024
27944049
27946758
27950881
27960103
27963938
27964629
27970540
27974289
27974849
27976870
27976901
27993763
28001024
28009239
28009534
28009803
28059455
28062113
28062280
28063242
28070258
28075452
28115439
28121267
28126380
28127087
28131793
28132909
28136937
28140334
28141379
28143618
28157048
28158156
28160348
28168584
28168596
28168715
28170989
28178591
28181670
28182388
28183067
28192028
28192087
28197360
28198150
28198499
28200188
28203046
28212304
28240946
28255914
28274832
28276484
28282940
28285566
28287946
28289879
28291227
28291794
28292846
28304966
28305906
28312767
28315913
28324227
28326559
28328848
28333174
28336124
28336501
28336972
28341294
28341467
28344421
28347100
28347513
28347946
28348551
28351253
28358303
28362603
28363272
28364266
28365348
28366342
28367347
28376982
28377515
28377643
28379589
28381535
28381598
28381902
28383471
28384128
28389393
28390086
28390880
28392879
28396127
28396360
28397032
28407839
28407851
28411847
28416173
28431832
28451314
28455931
28456012
28461708
28461743
28468424
28469288
28471139
28471621
28472609
28475090
28475336
28475751
28476256
28479267
28481103
28482390
28482442
28483749
28486851
28488061
28514843
28526453
28529553
28534704
28539112
28542424
28544117
28545604
28546760
28550128
28556686
28558428
28559129
28560269
28562993
28564189
28564348
28566756
28568909
28571216
28573627
28577500
28579071
28579248
28581473
28585904
28591437
28595218
28595631
28607577
28618488
28623117
28627753
28634724
28637222
28637533
28641950
28642004
28642881
28642990
28643089
28644591
28649539
28656499
28659809
28665305
28670124
28670988
28694060
28697199
28699873
28712797
28713345
28717349
28718434
28718897
28721423
28725478
28730868
28732808
28735405
28739680
28744496
28746618
28746636
28747607
28747802
28748363
28759310
28761918
28763888
28774626
28775615
28777884
28778304
28779560
28781776
28782954
28785693
28785755
28787467
28794540
28797295
28798146
28798151
28801203
28801392
28802038
28802960
28803561
28803990
28807717
28809277
28821906
28824028
28826116
28855230
28858578
28868295
28874484
28877773
28888259
28891494
28897976
28902147
28902246
28904400
28905817
28910258
28911724
28911924
28912930
28924328
28924753
28924950
28926888
28929181
28932675
28932993
28933533
28935773
28945648
28946786
28950835
28952360
28952752
28956178
28956252
28957037
28962060
28967130
28969570
28969952
28973428
28973940
28981761
28982207
28985907
28992588
29019867
29023455
29030386
29047702
29080535
29081610
29093485
29094013
29094226
29094353
29095765
29099803
29101220
29102049
29102552
29103231
29107224
29110246
29110403
29110465
29115347
29130434
29131037
29131176
29132322
29133756
29136398
29137584
29138887
29139810
29140865
29151144
29156286
29163446
29177665
29179063
29179714
29180064
29189911
29199587
29204182
29204356
29204625
29204807
29210198
29215520
29217911
29219103
29224648
29227541
29228577
29233207
29241714
29242209
29248128
29248521
29250922
29252364
29260963
29266808
29267292
29269100
29270405
29272833
29273912
29276329
29276561
29278011
29279296
29281856
29288524
29293706
29293764
29295756
29299212
29302440
29309167
29310762
29311218
29313476
29314434
29314963
29321283
29321478
29325012
29325020
29326130
29327074
29327254
29327628
29329764
29331303
29332673
29333866
29334587
29334850
29336825
29336987
29336992
29337531
29339689
29340890
29343229
29345032
29346289
29346903
29348991
29350186
29351991
29353379
29353596
29353924
29355800
29356636
29357563
29360778
29362073
29364062
29364879
29368483
29369095
29369568
29373890
29378452
29379366
29386953
29389541
29416757
29424835
29427675
29429693
29436404
29441486
29443330
29444375
29445205
29449756
29454651
29455740
29467077
29467280
29469773
29477758
29481069
29486404
29487242
29487767
29490022
29491588
29494719
29496860
29497964
29503528
29508416
29509004
29511431
29512380
29514434
29514703
29518119
29519246
29525585
29529917
29533088
29546603
29552410
29594770
29608249
29609750
29614813
29616306
29621986
29629092